-- FROTRU BLOX HUB
-- This is a remix - original data structure preserved & modified locally
-- No Discord / no community links included

local HubName = "FROTRU BLOX HUB"
local WatermarkText = "FROTRU BLOX HUB - This is a remix of hoho hub gen3"

local MonsterData = {
    ["1825"] = {
        ["FullName"] = "Forest Pirate",
        ["IsBoss"] = false,
        ["LevelRequest"] = 1825,
        ["Quest"] = {
            ["QuestName"] = "DeepForestIsland",
            ["NpcName"] = "Deep Forest Quest Giver",
            ["QuestCFrame"] = CFrame.new(-13234.0400390625, 331.4880065917969, -7625.40087890625, 0.7071342468261719, -0, -0.707079291343689, 0, 1, -0, 0.707079291343689, 0, 0.7071342468261719),
            ["QuestLevel"] = 1,
        },
        ["MobName"] = "Forest Pirate",
        ["SpawnLocation"] = {
            [1] = CFrame.new(-13600.54296875, 332.22601318359375, -7741.7578125, 0.15644598007202148, -0, -0.9876865744590759, 0, 1, -0, 0.9876865744590759, 0, 0.15644598007202148),
            [2] = CFrame.new(-13345.5419921875, 332.22601318359375, -7630.7578125, 0.7193580865859985, -0, -0.6946393847465515, 0, 1, -0, 0.6946393847465515, 0, 0.7193580865859985),
            [3] = CFrame.new(-13105.54296875, 332.22601318359375, -7705.7568359375, -0.7313214540481567, 0, 0.6820330023765564, 0, 1, 0, -0.6820330023765564, 0, -0.7313214540481567),
            [4] = CFrame.new(-13651.54296875, 332.22601318359375, -7894.7578125, -0.2249598503112793, 0, -0.9743680953979492, 0, 1, 0, 0.9743680953979492, 0, -0.2249598503112793),
            [5] = CFrame.new(-13513.54296875, 332.22601318359375, -8008.7578125, -0.987686276435852, 0, -0.1564495712518692, 0, 1, 0, 0.1564495712518692, 0, -0.987686276435852),
            [6] = CFrame.new(-13279.54296875, 332.22601318359375, -7897.7578125, -0.4848262071609497, 0, 0.8746106028556824, 0, 1, 0, -0.8746106028556824, 0, -0.4848262071609497),
        },
    },
    ["900"] = {
        ["FullName"] = "Marine Captain",
        ["IsBoss"] = false,
        ["LevelRequest"] = 900,
        ["Quest"] = {
            ["QuestName"] = "MarineQuest3",
            ["NpcName"] = "Marine Quest Giver",
            ["QuestLevel"] = 2,
        },
        ["MobName"] = "Marine Captain",
        ["SpawnLocation"] = {},
    },
    ["800"] = {
        ["FullName"] = "Factory Staff",
        ["IsBoss"] = false,
        ["LevelRequest"] = 800,
        ["Quest"] = {
            ["QuestName"] = "Area2Quest",
            ["NpcName"] = "Area 2 Quest Giver",
            ["QuestLevel"] = 2,
        },
        ["MobName"] = "Factory Staff",
        ["SpawnLocation"] = {},
    },
    ["2225"] = {
        ["FullName"] = "Cake Guard",
        ["IsBoss"] = false,
        ["LevelRequest"] = 2225,
        ["Quest"] = {
            ["QuestName"] = "CakeQuest1",
            ["NpcName"] = "Cake Quest Giver 1",
            ["QuestCFrame"] = CFrame.new(-2022.2989501953125, 36.928009033203125, -12030.9765625, -0.9612739086151123, 0, -0.2755945920944214, 0, 1, 0, 0.2755945920944214, 0, -0.9612739086151123),
            ["QuestLevel"] = 2,
        },
        ["MobName"] = "Cake Guard",
        ["SpawnLocation"] = {
            [1] = CFrame.new(-1418.510986328125, 35.21900939941406, -12255.71875, -0.12647175788879395, 0, 0.9919702410697937, 0, 1, 0, -0.9919702410697937, 0, -0.12647175788879395),
            [2] = CFrame.new(-1693.97998046875, 35.21900939941406, -12436.84375, -0.7161152362823486, 0, -0.697982132434845, 0, 1, 0, 0.697982132434845, 0, -0.7161152362823486),
            [3] = CFrame.new(-1471.1280517578125, 35.21900939941406, -12436.84375, -0.4425472021102905, 0, 0.8967452049255371, 0, 1, 0, -0.8967452049255371, 0, -0.4425472021102905),
            [4] = CFrame.new(-1736.5439453125, 35.21900939941406, -12249.060546875, -0.8062667846679688, 0, -0.5915520787239075, 0, 1, 0, 0.5915520787239075, 0, -0.8062667846679688),
            [5] = CFrame.new(-1531.4110107421875, 35.21900939941406, -12132.439453125, 0.991970956325531, 0, 0.12646609544754028, 0, 1, 0, -0.12646609544754028, 0, 0.991970956325531),
        },
    },
    ["2350"] = {
        ["FullName"] = "Sweet Thief",
        ["IsBoss"] = false,
        ["LevelRequest"] = 2350,
        ["Quest"] = {
            ["QuestName"] = "ChocQuest2",
            ["NpcName"] = "Chocolate Quest Giver 2",
            ["QuestCFrame"] = CFrame.new(151.197998046875, 23.891006469726562, -12774.6171875, 0.42259299755096436, 0, 0.9063196182250977, 0, 1, 0, -0.9063196182250977, 0, 0.42259299755096436),
            ["QuestLevel"] = 1,
        },
        ["MobName"] = "Sweet Thief",
        ["SpawnLocation"] = {
            [1] = CFrame.new(-77.64700317382812, 25.582000732421875, -12765.6201171875, -0.7660616636276245, 0, -0.642767608165741, 0, 1, 0, 0.642767608165741, 0, -0.7660616636276245),
            [2] = CFrame.new(88.47200012207031, 25.582000732421875, -12662.20703125, -0.7660616636276245, 0, 0.642767608165741, 0, 1, 0, -0.642767608165741, 0, -0.7660616636276245),
            [3] = CFrame.new(143.97000122070312, 25.582000732421875, -12531.720703125, 0.9659296274185181, 0, 0.2588047981262207, 0, 1, 0, -0.2588047981262207, 0, 0.9659296274185181),
            [4] = CFrame.new(-140.25799560546875, 25.582000732421875, -12652.3115234375, 0.17362433671951294, -0, -0.9848119020462036, 0, 1, -0, 0.9848119020462036, 0, 0.17362433671951294),
            [5] = CFrame.new(5.365997314453125, 25.582000732421875, -12537.42578125, 0.7660612463951111, -0, -0.642767608165741, 0, 1, -0, 0.642767608165741, 0, 0.7660612463951111),
        },
    },
    ["1875"] = {
        ["FullName"] = "Captain Elephant",
        ["IsBoss"] = true,
        ["LevelRequest"] = 1875,
        ["Quest"] = {
            ["QuestName"] = "DeepForestIsland",
            ["NpcName"] = "Deep Forest Quest Giver",
            ["QuestCFrame"] = CFrame.new(-13234.0400390625, 331.4880065917969, -7625.40087890625, 0.7071342468261719, -0, -0.707079291343689, 0, 1, -0, 0.707079291343689, 0, 0.7071342468261719),
            ["QuestLevel"] = 3,
        },
        ["MobName"] = "Captain Elephant",
        ["SpawnLocation"] = {
            [1] = CFrame.new(-13365.529296875, 321.2309875488281, -8484.990234375, -0.9978424310684204, 0, 0.06565561145544052, 0, 1, 0, -0.06565561145544052, 0, -0.9978424310684204),
        },
    },
    ["1475"] = {
        ["FullName"] = "Tide Keeper",
        ["IsBoss"] = true,
        ["LevelRequest"] = 1475,
        ["Quest"] = {
            ["QuestName"] = "ForgottenQuest",
            ["NpcName"] = "Forgotten Quest Giver",
            ["QuestLevel"] = 3,
        },
        ["MobName"] = "Tide Keeper",
        ["SpawnLocation"] = {},
    },
    ["2475"] = {
        ["FullName"] = "Island Boy",
        ["IsBoss"] = false,
        ["LevelRequest"] = 2475,
        ["Quest"] = {
            ["QuestName"] = "TikiQuest1",
            ["NpcName"] = "Tiki Quest Giver 1",
            ["QuestCFrame"] = CFrame.new(-16548.81640625, 55.60600280761719, -172.81199645996094, 0.21309256553649902, -0, -0.9770320057868958, 0, 1, -0, 0.9770320057868958, 0, 0.21309256553649902),
            ["QuestLevel"] = 2,
        },
        ["MobName"] = "Island Boy",
        ["SpawnLocation"] = {
            [1] = CFrame.new(-16661.57421875, 57.37200927734375, -252.96299743652344, -0.8474411964416504, 0, -0.5308892726898193, 0, 1, 0, 0.5308892726898193, 0, -0.8474411964416504),
            [2] = CFrame.new(-16905.3046875, 13.093994140625, -73.50700378417969, 0.88026362657547, -0, -0.4744848906993866, 0, 1, -0, 0.4744848906993866, 0, 0.88026362657547),
            [3] = CFrame.new(-16991.73046875, 12.766998291015625, -186.18299865722656, -0.9563201665878296, 0, -0.29232117533683777, 0, 1, 0, 0.29232117533683777, 0, -0.9563201665878296),
            [4] = CFrame.new(-16883.048828125, 23.347000122070312, -250.87399291992188, -0.9562946557998657, 0, -0.2924046516418457, 0, 1, 0, 0.2924046516418457, 0, -0.9562946557998657),
            [5] = CFrame.new(-16736.21875, 22.171005249023438, -131.7209930419922, 0.5463936924934387, 0, 0.8375284671783447, 0, 1, 0, -0.8375284671783447, 0, 0.5463936924934387),
        },
    },
    ["1750"] = {
        ["FullName"] = "Kilo Admiral",
        ["IsBoss"] = true,
        ["LevelRequest"] = 1750,
        ["Quest"] = {
            ["QuestName"] = "MarineTreeIsland",
            ["NpcName"] = "Marine Tree Quest Giver",
            ["QuestCFrame"] = CFrame.new(2485.73291015625, 73.34600830078125, -6788.625, -0.4275914430618286, 0, 0.9039722084999084, 0, 1, 0, -0.9039722084999084, 0, -0.4275914430618286),
            ["QuestLevel"] = 3,
        },
        ["MobName"] = "Kilo Admiral",
        ["SpawnLocation"] = {
            [1] = CFrame.new(2998.294921875, 508.79400634765625, -7344.32177734375, 0.20788592100143433, 0, 0.9781531095504761, 0, 1, 0, -0.9781531095504761, 0, 0.20788592100143433),
        },
    },
    ["1800"] = {
        ["FullName"] = "Fishman Captain",
        ["IsBoss"] = false,
        ["LevelRequest"] = 1800,
        ["Quest"] = {
            ["QuestName"] = "DeepForestIsland3",
            ["NpcName"] = "Turtle Adventure Quest Giver",
            ["QuestCFrame"] = CFrame.new(-10581.65625, 330.87298583984375, -8761.1865234375, -0.8829522132873535, 0, 0.4694635570049286, 0, 1, 0, -0.4694635570049286, 0, -0.8829522132873535),
            ["QuestLevel"] = 2,
        },
        ["MobName"] = "Fishman Captain",
        ["SpawnLocation"] = {
            [1] = CFrame.new(-11135.2001953125, 331.82598876953125, -9240.88671875, -0.704220175743103, 0, -0.7099816799163818, 0, 1, 0, 0.7099816799163818, 0, -0.704220175743103),
            [2] = CFrame.new(-11210.2685546875, 331.82598876953125, -9072.7119140625, -0.3381751775741577, 0, -0.9410832524299622, 0, 1, 0, 0.9410832524299622, 0, -0.3381751775741577),
            [3] = CFrame.new(-11072.599609375, 331.82598876953125, -8610.072265625, 0.17761456966400146, -0, -0.9841001629829407, 0, 1, -0, 0.9841001629829407, 0, 0.17761456966400146),
            [4] = CFrame.new(-11107.853515625, 331.82598876953125, -8842.916015625, 0.17761456966400146, -0, -0.9841001629829407, 0, 1, -0, 0.9841001629829407, 0, 0.17761456966400146),
        },
    },
    ["675"] = {
        ["FullName"] = "Cyborg",
        ["IsBoss"] = true,
        ["LevelRequest"] = 675,
        ["Quest"] = {
            ["QuestName"] = "FountainQuest",
            ["NpcName"] = "Freezeburg Quest Giver",
            ["QuestLevel"] = 3,
        },
        ["MobName"] = "Cyborg",
        ["SpawnLocation"] = {},
    },
}
